2477465079
2113508943
2625159020
3963437967
4088806020
420757821
1609608780
423457939
3275552056
3419635130
4134027196
4076657720
822451400
2934549999
793024876
2668681749
1889431109
4144385226
1898676609
2330412343
3882464461
634079211
3831686972
2429789513
679520136
2899368138
3723348388
93147590
4145375794
3376779744
1352066201
431574819
220368999
2111158432
3410790330
1589363897
1530361838
689605267
110606513
3003535120
2730231910
2788548336
1261032723
3173889168
529922023
4021564325
397816621
3449219152
2524272232
1065737935
1523828087
1129050093
1654813428
776441097
2170824614
3107001685
2981140544
1014181263
3986683737
734516659
734482334
130233487
2468078505
110396150
1976782096
2518475763
2295641189
1311985665
3374919835
21547549
3230983946
1713334117
776187555
1188342279
625437366
1120028535
1353560944
2906996462
2391455037
3016338554
1746871220
2251144908
2499486393
3653098311
1176538071
884489160
1871053688
1724260401
2436151047
539264674
1952137059
2715943642
2863997189
1721029141
516613545
3584944773
996296527
1914200079
3185962186
1059469535
1654460752
3330877577
2916298144
2290766793
1527007525
913736383
1404347971
154521438
1076753187
787848287
1303456105
3250450056
4036110926
1523704517
2497985171
562793478
3331244941
2552668675
3258643825
1391316705
2775881436
1459678815
213484145
1601543624
3671365619
2595429374
3721941049
1412950033
959103434
3610390135
341153575
3827941750
3974673189
3921362666
2368662719
2655977467
3142687187
3735152447
3534834016
3496712447
283771212
1828450529
3121824149
732307395
1716374293
3420543096
2030598798
1516495108
3228599084
1637911683
1147638346
1083713481
2743697541
3631320975
2510567877
4291813753
2665935998
2773669115
520273130
2137365726
2681019204
524976473
1667907012
1100146350
2432420562
3406800055
1230919489
260152991
2592057667
2473517530
1664876954
1902251133
2245506864
760606931
1705167878
2407706407
3910505983
3279040817
1698618352
2752808677
4077651861
18050666
1439387995
2968706934
2202078534
1139955931
4007628429
2983100228
170886927
3523035515
2270107023
2439426037
1814282722
4039394923
2010460353
2244946229
176931142
2699033272
2624820715
1414360214
732463398
2071966652
3705929805
3501296950
2330558837
2826913284
3406245099
3206616709
113065039
1894400983
2822488931
755397230
2356000655
262675614
375866042
3474502872
104003517
2531573114
1992335541
516494571
2352338631
2772297639
3603528294
2234516488
3462951966
3774791215
238723558
3593291097
557552902
267192893
3333696527
1511447560
2831310535
2264093093
3775097408
2657018018
2971871281
2272940967
3216345383
3956218717
4089680823
1740487355
3343787482
334111644
3801297981
1031603713
1192887958
2589678961
3823478235
1774492844
3309706473
79840303
4004145515
2465675983
4019445208
2822190249
1685624298
3332431378
1262698286
3669028908
1558793046
3220793817
3120365832
4268478185
1566422910
2097798882
3610021998
2424144813
3064310871
371819376
3857623253
2855281522
2708359345
3322752142
462999868
3843626846
1413094466
3314979670
903613256
792351977
2360531684
1858349072
1048823984
4118978095
3903197161
1070079135
3999323079
4152528809
3055126
1018822451
2294430266
420372811
1158457587
1465374130
21173140
281256154
1959558361
3039327040
3026976075
739260801
3623867734
992583032
3657072965
2385792792
527704186
2477094513
1134940244
4048321283
2629530899
1637294633
2660070009
876704020
3695331882
1031572048
3020776593
1281826152
841736338
720226094
582781013
395686836
370278259
2325600106
942081590
1535367197
2958534146
4274575672
3474547902
3653628568
3133283079
60632424
1835327479
905846153
720143428
2898097986
2542083090
1777329874
449224320
3194032736
616576611
396102995
1651102546
3204736946
967682770
4090703834
2887289541
3918931308
2154858541
733913075
1408115721
4047891685
483181714
184980682
3871903702
3980022118
89318759
1431136559
1664340734
2698879339
1251383581
3198779756
930956470
3223025769
842076818
2656894985
2712262518
1553647305
1311947697
3816757789
63269138
2248829485
1002195531
916740061
3913693517
2086574652
297649676
2621990717
269838325
3600780277
239464277
4010884780
2384166064
2598400968
3983250697
3418694993
1059662950
3968987370
4106440022
1662226674
2539165865
158583587
4210972761
141908289
1195251279
2797369262
935845240
2515475933
1028826872
1044339659
214293251
554259714
1021507022
2917877453
2887415372
2639540823
3947503583
715924081
90341649
3969084914
4264792719
3261708207
3654598716
3405385058
4205625142
367034172
659885164
707040881
3686242631
883445158
1720257003
751492398
2935799562
535951188
3939668955
1630086523
4247257922
1317463084
632576130
2264614277
2429857555
1650554419
1563092173
447135215
1165535175
1649891620
3739331104
1321711248
70005385
3209766281
2483658470
1112800542
1636410208
3587116405
1089677484
1140995728
596625929
1756268846
3290438488
3084855970
3995982824
2365195181
3363177325
1773343910
992037236
2772638979
41775046
1730064250
3228812200
987083731
3232561745
1655981802
103708367
3293327634
38519076
3827308347
1335874972
3360488428
1953631731
1117873075
1247625754
814257595
3346753449
3187111968
1260890780
2648465274
1375999542
940798564
2456255419
840453757
759499742
3259090696
920083546
55896784
2802023496
3006387396
2310257611
2154674581
1814594064
257349310
318951800
2221622328
88210014
3639717206
3612285334
2194396000
4195650072
81827991
3655790444
1630555253
627206094
3716598303
716389312
604982050
4055671152
3508717076
2750680630
4270015815
2574468952
3887845948
2031520678
3221636811
1937940675
1304589334
881171645
2638836079
3899413771
1816374819
1113891421
1467937582
3709957951
2253198307
3898064008
3108508369
667001680
3090873721
3019623234
2687217798
4164233770
1273661890
1189720548
162413923
3800753464
3921716786
2583032596
1154227761
2981296680
847996606
1025372544
637558880
1494001797
2940284842
1138411269
3001868941
2870959987
12202303
2811944006
40765787
4171277559
2394522394
2427757503
2035918541
567330108
657238156
2269870385
3988808860
4132583356
833853759
1685925834
3399934156
3221430965
2214846926
2597376454
3502294194
4061827687
3404802105
1052680170
2058968574
1839612865
3812157609
3369765944
3799925185
2878307276
3465390079
2092130136
4275298875
2757370723
3762849534
4189202369
1522976848
1829917311
4249327527
2656250934
2359798468
306194966
614986511
837663008
604997762
4198571822
1803233171
1000084390
3311763913
197235846
312917455
3598464463
1330306241
3703681443
2529888248
1316001019
399370457
2033886420
1708476754
1260775595
63571690
3229340236
412339415
3951524969
2711765314
1271591302
1865316328
2353159667
4180798208
3178225170
1649352176
1393673185
189451823
2066288307
2414804552
746617517
447744411
2460675673
3389476448
2823658544
3806565831
1133249776
2535628151
1425035639
1389549697
232994198
447476000
3186966432
956622105
1903609591
3579898968
3739634848
1808018016
3736880885
4179875310
645904736
211620117
1836136427
2790325415
2468679992
2418206498
3662985186
2933632617
4102389301
652593904
1982743862
1516911696
4105136849
619774320
3629829977
214168737
2231186577
379471061
2697768471
261394738
4155825664
2317418090
673997791
1966864508
2968993379
2005707265
1567121881
110848034
823369996
1222082723
2878276193
2803672041
985601441
3318873530
530681788
2580853326
418360231
3000495246
2830478990
1491761078
334020402
2856076071
1750936408
1624092626
4214319349
989809344
1812374540
725031512
1454280279
2660765655
3070745088
3972209496
2575814694
3893589499
3371439600
249405580
400767517
710417258
142098180
3003087306
3049871950
2981405174
3969644093
658879262
2777106933
893144872
3373482623
1012367171
2265138528
2017482816
1312239155
1579548220
162424739
3735491603
3411350197
3622673785
2763901813
4112164046
3137675207
2949419121
3197748595
1402577244
3797062673
3524894305
1625479175
1524223020
21124572
4035552144
3293552945
1287594683
3504343879
2159970105
1326130241
3177071456
876981184
2192920137
595139524
121832302
4005912591
2411580305
920957339
3072712931
2680765763
3192988970
2454507593
2942038123
2681381573
3634764627
1193472867
3229734498
1327216649
2838416973
3039895875
934867703
3189252055
4028548175
2782168984
2520978704
1349295846
2917692967
1569876920
1261224800
672804839
3789946209
2764628945
2943932709
3060093587
1248977605
299546427
2338047359
3417979375
3928061423
4269926860
1984543795
1844640155
4276243862
1036968938
384093925
3186921022
3507551721
810393782
1669438152
118126837
3234516496
3972528623
2513423272
1555125304
1556744569
3091448779
2870950770
1019739271
3544169354
635153268
3778511381
1774590779
3465675843
76907776
1099322455
4012390624
4142337279
1184486330
1048366094
3271338179
3791752066
1783353067
2711462838
3158195458
2371623289
2356007223
3864558791
16349860
3781511698
2117191413
2035420300
2520847360
365499892
2508198731
2290928129
2954509912
3518606816
1113951790
2796410260
264277182
3474368980
2943683168
676134571
1048761357
542601933
2530213703
3806559721
1781436522
2565416152
1968652933
2978741441
879513018
3151617
1782824212
2138002591
3920609424
628910204
1738178786
600624178
625162307
3439062921
3665657760
307976003
2898961918
1813517303
1379716273
1708501184
1473148104
1470302736
546851117
3806210687
2574193853
310401811
660533041
1075683143
1186139154
1370187035
3116863329
1635543947
5008631
4079168619
455309156
4229037246
2044375836
1578370749
1756469381
3641170230
275606641
2620071985
1836208212
301327073
3053481434
3274621384
1491150457
847256149
1827798913
2454678796
2767603910
2898395706
1519213614
1161687830
3574381974
3282165094
2315666022
2296836494
1961841165
3820396432
1790271533
3813151155
2331002668
1620742688
210136852
3474893887
2838128844
2536029522
233410410
1865749720
1178196187
2840226923
1184165546
3595048600
3199903030
1563346883
3310610702
2244671166
3341962387
2500309110
3262427359
2493973350
1796827536
311840454
2987173490
2897640982
3490770625
3541801699
774418272
1179305841
1884931604
655509140
360748669
3316630117
268460617
4268341566
1574040134
1154891513
318247222
2288211171
3444296002
506878056
2267493289
559326092
3904823846
3775350475
2379393518
3581678096
3790061235
1784501758
2737338520
3500408266
687885861
2741105561
191164023
1626504590
3998404792
1269551182
1467677160
155461299
647955787
4017782506
3452074080
2900988264
3047386691
817706164
2342806691
2806475638
942434783
139563203
4091648869
3839036817
612473125
1327197170
3696032480
922975314
1512088136
1507239695
829640049
169795349
345227615
2502018933
146818326
171688865
2533551931
312192614
462134814
1579710276
1148378846
2796252503
3464874394
972201722
2767096912
1401002067
2539181295
532364730
1531097884
231069347
27433874
2378143135
1453319749
1921455794
536034631
983082599
2828515296
3598561960
3708795046
980264678
1742784484
1835942626
2610311637
3121201650
2120385819
118504919
3772917960
3960696882
3923164084
1711326170
36853084
2905671189
1123690149
1811970891
299754314
4018349300
723255286
2484458191
3891190140
3087842104
2473399749
3898402252
2612328473
2821016491
2477868040
3009398226
2038489417
1842620443
4291876566
1215126125
771305062
2215243279
1816547725
3117685091
2763396131
1962381037
1832090357
1124427137
3944016972
2293982716
49790157
361537166
1569663132
3212900537
3037786933
3827250761
1154650153
2239314100
843794564
3318520196
1494806932
3007082895
1076788937
3333940939
3970192704
4122486286
746261653
1764239462
3034399875
3989665659
1748497073
2104143050
3178039459
4191254664
1840812114
219682570
3957377633
1398596655
1816701195
2825406140
963185923
1125922753
3180237581
526608314
1915753918
3258353910
1625027873
3615534428
460246727
3597293888
162737869
1542040333
2343050983
4256598921
518534824
3905562851
2540242559
124649901
4149111399
3905074965
920415947
2478895533
788401137
141244203
3152124913
2303711798
1258235980
2979141963
1372357996
4031455698
392155378
3430547710
2938612963
1324577318
2499002977
726997887
370177049
1755027264
4139024438
2538318847
3695824186
575655984
1290390488
1415415213
1820966599
3925904371
1308477660
2914825577
781135911
3649593538
1882763249
1947046269
620679967
2285058467
2161846387
1327542951
426270048
853132034
3943203823
574684018
986197909
3516958910
4191128648
1979244353
3291696135
801198065
3272363263
2139781269
1235451763
1593997469
3977999471
3873281082
243575900
1952678464
4283840364
2444973487
2334011873
3034804260
230157114
288879086
357989327
4270837716
1657384072
3503348584
2631745421
1756260136
1280035553
3180171716
3546276311
4242626303
1864792883
2768841324
3662402512
2181874711
137524510
1601776607
1777532112
1117239420
3435031274
3790208852
1058481153
506497008
2422940320
2593806247
1352953189
392223356
2848331215
1085454815
2672004356
2943353526
2795580842
3820362869
2592505205
677405215
3943681326
2381101853
3266306240
3235767483
1449195321
2249530557
3417709831
3267864943
2782523610
3903701962
3317357108
1247459340
376974786
3696244950
2297023977
1158060655
702185503
2440402277
1493004024
2993534956
3234204704
450958808
139502171
1051577688
2554925392
2843834814
212664888
2320513415
605811673
331907040
2374746863
1189242727
3911014156
2775355993
1619665380
2812800527
1620824388
741571793
1022162334
3876039103
817708786
1855242889
996104211
3542409867
1407989710
3807015272
593130591
3021588698
2025282749
808522264
2168879696
2413930606
2861803577
1747079572
3054331694
2353882376
895040577
877919984
3283366646
831728195
1445327725
4265318685
475100750
3642046382
658700375
2843108746
1810491194
2300835987
2330975278
4072184463
4167429597
1835400371
549041263
1072997273
2990716595
2151904801
1016437908
3310534397
4248274600
1979962212
2620868428
3258010309
2316956703
332900157
3715674956
3267492871
2982589273
1904699771
1348861866
138339845
2836190846
676772624
1720980693
4178444750
3991567464
4003890663
2188010847
2720596053
363800398
149445426
2646491225
2167736885
889722859
1887438358
2801243321
3542684031
1922962147
2618433221
172325363
3664143703
2556752485
4125330821
323188105
2494217129
2576606215
238353809
3614362957
1746866000
3397084189
3483938428
3790324633
2890019957
1525500891
796189629
3618287379
1243714320
1310767515
2381150762
637918880
1346338545
2773209649
336344815
3597104558
1019844184
2435813133
323281651
4189075286
2181910374
1287701364
1184441860
4228115204
1320901112
2400351077
1895863487
2623657115
3991492303
492077256
758248215
3159879592
1429174405
3246468008
1865319060
4090969901
3986423682
2285542970
3193646251
3626496657
3672213554
730293469
552741614
481348557
17667353
1204142909
1432269806
1663711741
3263611214
243645153
874428051
901539936
122036105
4174137059
3036541267
3290191367
243512374
91042065
2077567502
3971609610
544751241
1888479855
1211216231
4040567433
3797607873
756154653
2010445300
2831597293
1999011390
3620267441
1707369523
4053792070
2434527695
4150414100
2264607810
3727314760
232825896
750339454
4134742678
3834631740
1994086638
3594850648
3413042114
344784921
2921091093
2202721405
1722632957
3618086443
1956063179
2015565814
1392551944
656300089
3518196940
511473214
2544350183
4180700335
3818578394
3932713470
844179789
1246796973
1168797058
850626695
128189145
3888922423
3215272954
610073152
2523591742
2670045717
1282561716
2724487203
2389019505
2944491792
562106568
316781796
2419768395
2725792203
512253568
3430168116
2939080947
812401387
667456998
4137656167
508463228
1691708770
4020824907
3129079821
3708421320
884056592
574787004
1830357229
2051580654
3446061240
3977088940
1008518562
584360793
4004590859
1343950556
551677166
1985255267
982696128
3044927552
1256031107
2598342697
3892479821
2710513469
3095083092
4224027323
1771292191
3228130703
166305324
1708164148
1062500174
1189340333
3369486793
1015776051
3132531642
3823744660
2758297457
2142863038
2807141891
1611648239
2242542702
3020605198
275522039
2501969627
4260683626
1519866498
2554255643
1641798606
2383323481
758529572
1734137257
1022860989
539067704
2479024697
3246560632
2894728998
4058373224
405313502
3345479115
3897595405
302401007
1039237879
2473964652
444861171
2303397210
440022395
4063111773
3159630289
1672435903
3639938356
1226778080
3626989182
2373291932
796361305
4265074751
2521327611
1922692627
3404021127
1157656311
3476579992
1729980104
4054372448
4020349003
717725956
4010844776
1836487533
413250758
1227928136
2514066339
1030364802
4042936054
355483335
2407968174
4093974381
3093046169
3629499247
204390749
2873885966
1750756457
2519080613
3168796280
623008005
1920688887
1558227957
3853161556
1517783764
1364831768
63054175
3318809139
2986597859
2587287343
913947641
95285538
1844724779
481349371
1619592745
2917402030
2491546553
1651094906
4134580146
1497053463
3177602118
4080693737
685056837
3958038154
374231350
1334327235
2936307224
2713202102
2798236919
52291213
2006343603
2526074305
3661596369
3351343986
3041948184
4034216372
3355259033
876710884
89774893
320842907
3747305364
662185999
1347918734
4147554470
3020844620
1115154487
1718573664
3311547754
958016319
2951106767
2127361265
2586330044
2778162536
963159691
3431892919
1291270817
1924322985
87657721
2055304036
560688966
948211333
2002329873
2462555990
3400455429
4001095972
1492418887
2126988394
4230437366
660027579
518534717
1073253462
327436425
3914858185
1173272758
1098066683
121682395
2030869534
547806829
2145239760
765634195
2697025266
3454253687
4240496393
3535340653
4186149394
1931778343
553456463
3272269039
3493780676
2601740566
1712625200
1176077356
3874302070
2185420553
179748419
189311394
2005243209
5587695
1575348717
2304908938
376166705
1937292321
4075201028
503193758
76808053
1724703476
2468791556
3528547348
2993467727
387426974
3546445080
1420242917
1376504656
4176011787
1000042889
3036448981
404739550
2163964460
3696037410
4105829677
1343998113
1668645588
2807499057
3624675614
3408004751
174388342
3831794907
1167258067
2085031157
2357466832
2337302064
2101251643
3668406976
3324009322
2866092882
76386494
2154286580
985766407
1730980507
321267858
2212402587
2091465378
3045375815
1530799194
3923834771
4163675092
1723177584
179772671
3984502961
311832824
236979194
2234194551
3454278763
1448061948
4098992921
1350353110
2036889745
1012040852
2949057838
2294720601
855618175
2868286978
1637713281
3048076991
405293600
1188856598
626486977
2262789192
1762560285
326156012
1980374893
1023252783
4290622302
140818308
615877492
2429216302
4224616016
1717795223
3671331026
2920230603
4277478260
352330867
1674780516
1867194427
600775438
2038197336
2468781389
1988123249
247170219
1089910257
2430506488
1389287269
2138728782
1971606142
632557864
1693504618
2495191184
4172569766
1374711728
4083942123
1595391773
3631862646
809258873
2580436495
1038122874
1779473558
3053860630
3891760577
3825995171
1591064318
1661720739
1393493610
3277985275
82237255
3262128620
2837006226
1652474259
1087892072
4198188649
3952874991
2268681442
3693632290
822645688
4264270425
3528208800
1899757637
2671045008
2354765554
3733354546
2376550694
2250260443
3949119767
1361684543
2314709681
59615169
831242376
2290106883
2232668683
191530393
4196939434
1066986286
4149625471
2829224918
3585146768
1238650177
2374378777
1070815544
1169525390
2738257384
989829315
4282668240
1779644650
4229532927
2449313057
2111263201
1642623166
3963589823
2203161501
1037455042
2327226569
1004854017
3319527595
2376287346
647056167
2879301920
3239120810
657558593
2410058118
3035752046
3305645445
2122756067
199121880
3721616564
417923606
4190937495
909862899
809030006
2680105216
3243173685
916572626
3932428368
3076770362
3544866454
3033873961
2785717418
1180316049
178247922
4288816042
2022019959
1856830858
3850462051
224509369
1370854267
865694177
2370562376
237859630
4184084179
1005234480
1242499410
1055696477
3956312827
287569244
2833991145
3373870736
4273498242
3761301912
3538781903
2115538053
201871217
3709695125
2404634983
4200807095
3910312377
1229806824
3886802456
2198825012
3554922142
3119173267
486128134
3530539673
1392177056
3207150611
2957543345
2184274647
1051071495
1227933938
3047720692
2602841262
2829456357
3385587120
969990547
2675717952
2691132895
3215808416
3196147177
1603499196
3977601032
1844658509
3480420981
2828953800
1140419293
2913867058
2398505144
633981294
2926106723
2757389097
3771058625
3450704957
1146393958
4290350441
3943132611
1428693950
4016930413
2003120429
2132480335
427609031
2750387160
559665517
1307646793
249678254
881043165
1146381758
3768249785
3932441450
4247615329
739854915
1204571986
1781215244
2865517723
2379364701
344328326
2343242690
2815912733
3810193982
2425497946
3040286746
2859192406
1234988760
2728173628
3794012706
2799750555
86405013
536711001
772781709
1641485831
1031170185
3893002796
2654948380
1483322299
2112158040
1841238531
78004181
1903907921
432022872
1796631179
166300647
2289080522
818798590
2154273431
417359986
676960178
2362208699
3575220528
2511005430
3033870388
3151295396
3612503003
3435819002
1469401794
3253345194
1250463196
2245448519
2358760558
4256055681
1687546488
789950359
2806400639
551102861
3546217935
2382366839
280730058
3439392641
4037661162
674565934
3409245125
280576458
3133761428
2709873424
155714123
2019901915
3674117174
976797450
68019393
4053507250
1196173174
2043454038
2135004326
1942384965
3722599563
3104750598
1696165583
2515638542
4239574672
3010537451
2984235845
3968257912
395571954
2953578940
1789670064
3499626231
592048753
3966803112
1421414007
637895699
2365385012
4135701868
645228890
3363644006
1145237056
3815847257
3688136013
446857276
656054612
2383174145
1333687772
2598623501
4084561144
1683311850
3683374560
3726103864
2649456486
1682749647
2419201968
695580696
2684461715
3953057097
1840596203
3937749053
1390843738
1824187598
1580266392
4011733143
969403528
